0 5
0 93
0 70
0 83
0 60
0 37
0 73
0 27
0 4
0 40
0 95
0 85
0 62
0 29
0 6
0 42
0 19
0 9
0 94
0 74
0 21
0 96
0 99
0 20
0 33
0 23
0 98
0 75
0 65
0 55
0 35
0 12
0 77
0 67
0 34
0 1
0 14
0 89
0 56
0 92
0 46
0 13
0 25
0 61
0 38
0 15
1 90
1 67
1 24
1 14
1 92
1 49
1 26
1 3
1 84
1 28
1 18
1 93
1 83
1 27
1 30
1 7
1 20
1 95
1 72
1 65
1 42
1 97
1 87
1 77
1 54
1 31
1 11
1 53
1 89
1 66
1 56
1 10
1 23
1 13
1 98
1 88
1 55
1 91
1 68
1 58
1 12
1 2
2 40
2 30
2 7
2 95
2 72
2 85
2 39
2 52
2 42
2 19
2 97
2 51
2 64
2 54
2 31
2 21
2 99
2 56
2 10
2 88
2 55
2 68
2 22
2 34
2 24
2 37
2 14
2 4
2 89
2 92
2 69
2 82
2 36
2 49
2 26
2 91
2 58
2 48
2 25
2 15
2 93
2 60
3 28
3 83
3 73
3 7
3 95
3 85
3 62
3 75
3 52
3 29
3 19
3 9
3 84
3 51
3 64
3 31
3 21
3 86
3 99
3 76
3 43
3 23
3 65
3 45
3 24
3 79
3 92
3 46
3 82
3 13
3 26
3 91
3 58
3 48
4 96
4 86
4 63
4 99
4 30
4 66
4 43
4 33
4 75
4 65
4 42
4 78
4 32
4 45
4 12
4 87
4 77
4 67
4 11
4 14
4 79
4 92
4 23
4 13
4 26
4 16
4 68
4 81
4 58
4 61
4 38
4 28
4 70
4 17
4 7
4 95
4 72
4 62
4 39
4 52
4 19
4 9
4 84
4 97
4 74
4 64
4 41
4 18
4 54
4 31
4 21
5 96
5 50
5 63
5 30
5 19
5 32
5 74
5 87
5 64
5 77
5 54
5 31
5 44
5 89
5 66
5 33
5 98
5 78
5 22
5 80
5 34
5 92
5 69
5 46
5 59
5 81
5 38
6 48
6 84
6 28
6 73
6 27
6 63
6 40
6 17
6 20
6 95
6 62
6 75
6 52
6 65
6 74
6 64
6 77
6 8
6 44
6 86
6 76
6 43
6 56
6 10
6 88
6 45
6 22
6 35
6 12
6 25
6 90
6 67
6 70
6 14
6 79
6 16
6 94
6 71
7 99
7 53
7 23
7 88
7 32
7 68
7 22
7 90
7 57
7 24
7 89
7 46
7 49
7 91
7 81
7 70
7 60
7 73
7 50
7 27
7 40
7 72
7 39
7 52
7 29
7 19
7 84
8 84
8 97
8 41
8 31
8 89
8 66
8 20
8 33
8 98
8 78
8 32
8 68
8 22
8 77
8 67
8 80
8 24
8 37
8 79
8 69
8 46
8 82
8 59
8 26
8 91
8 81
8 58
8 94
8 48
8 25
8 38
8 15
8 18
8 73
8 63
8 17
8 30
8 72
8 85
8 39
8 75
8 52
8 42
8 19
9 24
9 56
9 92
9 46
9 23
9 81
9 58
9 38
9 15
9 93
9 60
9 37
9 50
9 27
9 82
9 72
9 49
9 62
9 39
9 29
9 94
9 51
9 18
9 21
9 99
9 53
9 30
9 66
9 43
9 20
9 33
9 98
9 88
9 55
9 32
10 31
10 86
10 99
10 53
10 43
10 23
10 98
10 35
10 34
10 24
10 92
10 36
10 49
10 81
10 94
10 71
10 84
10 15
10 93
10 96
10 63
10 30
10 62
10 29
10 32
10 74
10 41
11 79
11 59
11 13
11 16
11 81
11 58
11 61
11 28
11 37
11 27
11 17
11 82
11 72
11 62
11 75
11 52
11 42
11 87
11 64
11 54
11 31
11 96
11 53
11 43
11 20
11 23
11 88
11 65
11 55
11 45
11 22
11 12
11 90
11 67
11 44
11 57
11 47
12 67
12 44
12 80
12 37
12 14
12 92
12 82
12 59
12 13
12 26
12 16
12 81
12 25
12 15
12 93
12 83
12 60
12 50
12 17
12 30
12 95
12 85
12 62
12 42
12 84
12 97
12 51
12 87
12 64
12 18
12 54
12 21
12 76
12 20
12 33
12 98
12 55
12 32
13 88
13 78
13 45
13 22
13 77
13 57
13 34
13 47
13 24
13 14
13 92
13 69
13 59
13 49
13 16
13 58
13 94
13 71
13 25
13 18
13 50
13 72
13 85
13 29
13 64
13 99
13 76
13 89
13 66
13 20
13 56
13 98
14 37
14 92
14 61
14 28
14 96
14 73
14 50
14 40
14 72
14 85
14 62
14 29
14 84
14 64
14 54
14 44
14 76
14 89
14 43
14 33
14 88
14 65
14 68
14 35
14 25
14 80
14 47
15 90
15 47
15 24
15 46
15 82
15 39
15 16
15 91
15 81
15 94
15 71
15 38
15 28
15 18
15 93
15 96
15 73
15 27
15 63
15 17
15 30
15 75
15 42
15 74
15 87
15 64
15 77
15 54
15 31
15 76
15 89
15 66
15 20
15 33
15 88
15 65
15 45
15 22
15 58
16 70
16 83
16 60
16 27
16 72
16 62
16 39
16 19
16 97
16 51
16 64
16 18
16 54
16 31
16 76
16 53
16 88
16 78
16 45
16 22
16 35
16 77
16 67
16 80
16 34
16 56
16 92
16 69
16 59
16 81
16 71
16 38
16 28
17 58
17 94
17 61
17 28
17 93
17 70
17 60
17 30
17 95
17 62
17 19
17 18
17 21
17 63
17 66
17 43
17 20
17 33
17 65
17 78
17 55
17 32
17 68
17 57
17 24
17 89
17 79
17 69
17 82
17 49
17 81
18 30
18 39
18 75
18 52
18 19
18 74
18 51
18 87
18 54
18 21
18 96
18 76
18 53
18 89
18 20
18 56
18 33
18 23
18 98
18 65
18 45
18 35
18 77
18 80
18 57
18 34
18 24
18 79
18 36
18 49
18 58
18 48
18 61
18 28
18 83
18 73
18 27
18 63
19 96
19 50
19 27
19 63
19 40
19 30
19 95
19 72
19 39
19 52
19 29
19 97
19 64
19 41
19 31
19 44
19 21
19 86
19 89
19 66
19 56
19 23
19 98
19 55
19 45
19 35
19 25
19 80
19 70
19 24
19 69
19 59
19 91
19 58
19 94
19 61
20 38
20 93
20 73
20 27
20 63
20 30
20 95
20 85
20 52
20 42
20 32
20 54
20 31
20 99
20 53
20 89
20 43
20 33
20 88
20 55
20 45
20 35
20 25
20 67
20 80
20 57
20 82
20 59
20 49
20 26
20 91
21 64
21 86
21 76
21 33
21 23
21 98
21 32
21 22
21 57
21 24
21 79
21 92
21 49
21 26
21 58
21 71
21 48
21 38
21 50
21 30
21 72
21 39
21 84
21 74
21 51
21 87
22 28
22 93
22 83
22 73
22 63
22 95
22 62
22 98
22 65
22 42
22 32
22 97
22 74
22 64
22 41
22 76
22 33
22 46
22 23
22 88
22 91
22 68
22 45
22 80
22 57
22 47
22 27
22 79
22 92
22 36
22 26
22 39
22 81
22 94
22 61
22 51
23 86
23 99
23 89
23 43
23 56
23 33
23 98
23 65
23 35
23 67
23 80
23 34
23 37
23 46
23 49
23 58
23 48
23 61
23 28
23 93
23 83
23 73
23 50
23 27
23 63
23 40
23 30
23 95
23 62
23 39
23 52
23 42
23 97
23 74
23 64
23 41
23 54
23 31
23 96
24 97
24 74
24 31
24 86
24 53
24 66
24 33
24 65
24 78
24 45
24 90
24 80
24 57
24 70
24 36
24 49
24 26
24 81
24 94
24 71
24 48
24 61
24 27
24 63
24 95
24 62
24 39
24 75
24 52
24 29
25 79
25 56
25 92
25 69
25 59
25 58
25 71
25 38
25 60
25 50
25 95
25 49
25 52
25 42
25 94
25 84
25 97
25 51
25 41
25 31
25 76
25 43
25 33
25 98
25 88
25 35
25 67
25 44
26 76
26 53
26 56
26 46
26 98
26 68
26 35
26 57
26 37
26 79
26 92
26 39
26 81
26 94
26 71
26 48
26 38
26 28
26 93
26 60
26 50
26 40
26 30
26 95
26 85
26 62
26 29
26 74
26 64
26 41
26 54
26 44
27 97
27 74
27 77
27 54
27 31
27 44
27 33
27 46
27 78
27 91
27 68
27 80
27 57
27 69
27 72
27 49
27 81
27 71
27 84
27 96
27 63
27 30
27 85
27 62
27 98
27 52
27 65
27 32
28 67
28 80
28 47
28 37
28 59
28 81
28 58
28 94
28 61
28 70
28 83
28 50
28 95
28 62
28 39
28 52
28 42
28 97
28 51
28 87
28 54
28 31
28 44
28 76
28 33
28 98
28 65
28 78
28 77
28 90
29 32
29 68
29 45
29 77
29 90
29 80
29 57
29 70
29 92
29 49
29 91
29 94
29 51
29 93
29 96
29 95
29 39
29 52
29 42
29 97
29 87
29 44
29 53
29 98
30 91
30 94
30 38
30 51
30 93
30 83
30 50
30 40
30 95
30 62
30 39
30 84
30 74
30 77
30 44
30 53
30 43
30 56
30 33
30 98
30 88
30 65
30 78
30 55
30 45
30 58
30 80
30 37
31 70
31 37
31 79
31 46
31 82
31 36
31 49
31 39
31 71
31 38
31 51
31 93
31 60
31 50
31 63
31 62
31 52
31 65
31 42
31 32
31 74
31 87
31 41
31 44
31 89
31 66
31 33
31 88
31 55
31 45
32 68
32 45
32 80
32 92
32 69
32 36
32 72
32 49
32 39
32 81
32 71
32 84
32 61
32 93
32 60
32 63
32 40
32 52
32 65
32 74
32 99
32 53
32 56
32 33
32 98
33 38
33 93
33 50
33 62
33 75
33 52
33 42
33 84
33 51
33 87
33 89
33 56
33 65
33 55
33 45
33 90
33 67
33 69
33 82
33 36
33 91
33 48
34 91
34 81
34 51
34 93
34 83
34 60
34 63
34 40
34 95
34 72
34 85
34 62
34 39
34 42
34 97
34 64
34 89
34 88
34 65
34 78
34 35
34 77
34 67
34 37
34 82
34 36
35 83
35 60
35 50
35 63
35 62
35 39
35 77
35 54
35 99
35 76
35 53
35 89
35 56
35 78
35 68
35 58
35 90
35 47
35 79
35 46
35 59
35 49
35 48
35 38
35 51
36 48
36 61
36 51
36 93
36 83
36 60
36 96
36 40
36 72
36 62
36 65
36 64
36 41
36 54
36 44
36 86
36 53
36 89
36 66
36 67
36 57
36 70
36 47
36 59
36 49
36 39
36 91
37 63
37 99
37 76
37 53
37 56
37 88
37 55
37 68
37 45
37 90
37 67
37 44
37 80
37 46
37 59
37 91
37 81
37 94
37 71
37 48
37 50
37 95
37 75
37 52
37 51
37 64
38 51
38 87
38 41
38 54
38 86
38 99
38 76
38 53
38 56
38 98
38 55
38 80
38 47
38 69
38 46
38 59
38 58
38 71
38 83
38 50
38 63
38 95
38 62
38 39
39 81
39 94
39 71
39 48
39 51
39 41
39 96
39 86
39 52
39 65
39 42
39 99
39 89
39 43
39 79
39 78
39 55
39 68
39 57
39 47
39 69
40 77
40 44
40 53
40 89
40 98
40 68
40 90
40 67
40 80
40 47
40 46
40 59
40 94
40 48
40 93
40 83
40 60
40 96
40 73
40 50
40 62
40 42
41 42
41 77
41 54
41 99
41 76
41 53
41 89
41 66
41 43
41 56
41 98
41 78
41 55
41 58
41 90
41 80
41 57
41 79
41 59
41 81
41 71
41 48
41 93
41 73
41 63
41 72
41 62
41 52
41 65
42 67
42 89
42 92
42 46
42 58
42 71
42 48
42 93
42 73
42 50
42 82
42 72
42 62
42 75
42 52
42 84
42 74
42 64
42 96
42 63
42 53
42 66
42 56
42 98
42 88
43 87
43 54
43 44
43 76
43 66
43 46
43 55
43 67
43 69
43 59
43 49
43 84
43 61
43 83
43 60
43 96
43 50
43 63
43 95
43 85
43 62
43 65
43 97
44 79
44 92
44 46
44 49
44 91
44 81
44 94
44 48
44 61
44 63
44 72
44 74
44 87
44 86
44 76
44 98
44 88
44 45
44 77
44 70
45 90
45 67
45 80
45 79
45 69
45 59
45 48
45 61
45 83
45 60
45 73
45 63
45 89
45 65
45 78
45 55
45 58
46 98
46 78
46 55
46 68
46 58
46 67
46 57
46 92
46 49
46 81
46 48
46 84
46 73
46 50
46 63
46 95
46 62
46 52
46 65
46 74
46 54
46 86
46 53
46 89
46 56
47 80
47 79
47 92
47 82
47 94
47 48
47 61
47 83
47 60
47 65
47 74
47 77
47 76
47 89
47 55
47 91
47 90
48 58
48 80
48 57
48 70
48 92
48 69
48 81
48 94
48 93
48 60
48 96
48 73
48 50
48 85
48 75
48 65
48 87
48 77
48 86
48 76
48 89
48 88
48 78
48 68
49 83
49 50
49 85
49 62
49 75
49 52
49 97
49 54
49 89
49 56
49 65
49 78
49 92
49 82
49 59
49 94
49 71
50 58
50 94
50 61
50 93
50 83
50 96
50 73
50 63
50 95
50 62
50 87
50 64
50 77
50 99
50 76
50 89
50 65
50 78
50 68
50 90
50 70
50 69
50 59
51 91
51 58
51 90
51 57
51 93
51 70
51 60
51 92
51 69
51 82
51 59
51 72
51 84
51 61
51 74
51 86
51 85
51 52
51 87
51 89
51 79
51 88
51 78
52 93
52 83
52 95
52 62
52 75
52 77
52 99
52 53
52 78
52 67
52 80
52 57
52 69
52 59
52 72
52 94
52 71
53 81
53 94
53 93
53 83
53 96
53 95
53 62
53 75
53 65
53 64
53 77
53 54
53 76
53 89
53 56
53 78
53 55
53 91
53 68
53 90
53 67
53 57
53 70
53 82
53 59
54 74
54 87
54 99
54 89
54 66
54 88
54 55
54 77
54 90
54 67
54 58
54 94
54 61
54 93
54 95
54 84
55 61
55 96
55 73
55 95
55 65
55 97
55 87
55 64
55 67
55 89
55 79
55 88
55 68
55 57
55 93
55 69
55 72
55 94
55 71
56 86
56 76
56 68
56 90
56 57
56 70
56 79
56 92
56 69
56 82
56 91
56 71
56 84
56 61
56 93
56 95
56 72
56 85
56 62
56 87
56 64
56 77
57 98
57 68
57 90
57 80
57 69
57 71
57 93
57 83
57 60
57 96
57 73
57 95
57 62
57 65
58 85
58 98
58 75
58 97
58 87
58 76
58 66
58 88
58 82
58 81
58 84
59 68
59 70
59 92
59 82
59 94
59 71
59 61
59 95
59 72
59 85
59 62
59 97
59 74
59 87
59 64
59 96
59 76
59 66
59 88
59 65
60 74
60 77
60 89
60 66
60 91
60 92
60 69
60 72
60 94
60 61
60 63
60 98
60 65
61 90
61 67
61 80
61 70
61 82
61 94
61 71
61 96
61 73
61 95
61 85
61 62
61 75
61 97
61 64
61 77
61 86
61 89
61 98
61 65
61 78
62 90
62 80
62 70
62 92
62 82
62 94
62 95
62 72
62 97
62 64
62 86
62 99
62 66
63 70
63 95
63 72
63 75
63 84
63 87
63 96
63 99
63 66
63 98
63 65
63 78
63 68
63 77
63 90
63 80
63 69
63 82
63 91
63 81
63 94
64 80
64 69
64 72
64 81
64 84
64 83
64 96
64 75
64 97
64 87
64 77
64 99
64 66
65 68
65 80
65 69
65 84
65 96
65 86
65 85
65 75
65 97
65 67
65 89
65 79
66 72
66 97
66 76
66 89
66 98
66 78
66 90
66 81
67 94
67 93
67 83
67 73
67 95
67 97
67 74
67 77
67 86
67 99
67 76
67 88
67 80
67 79
67 92
67 69
68 93
68 83
68 75
68 97
68 87
68 86
68 76
68 78
68 90
68 80
68 70
68 69
68 82
68 81
69 94
69 84
69 93
69 83
69 98
69 75
69 77
69 88
69 90
69 92
69 82
70 77
70 86
70 99
70 89
70 78
70 90
70 82
70 81
70 83
70 84
70 97
70 74
70 87
71 74
71 86
71 76
71 89
71 98
71 88
71 90
71 79
71 84
71 93
71 96
71 72
71 85
72 94
72 84
72 83
72 85
72 75
72 77
72 76
72 88
72 91
72 93
73 87
73 77
73 99
73 89
73 91
73 90
73 81
73 94
73 93
73 96
73 75
73 97
74 87
74 89
74 79
74 78
74 80
74 81
74 96
74 85
75 90
75 80
75 79
75 82
75 91
75 93
75 96
75 85
75 84
75 97
75 87
75 99
75 89
76 99
76 80
76 93
76 82
76 81
76 94
76 84
76 83
76 96
76 95
77 98
77 97
77 79
77 88
77 78
77 90
77 92
77 82
77 94
77 95
78 80
78 82
78 81
78 94
78 83
78 95
78 87
78 99
78 89
78 88
79 90
79 81
79 93
79 85
79 97
79 86
79 99
79 89
80 92
80 86
80 95
80 99
80 88
81 93
81 82
81 84
81 83
81 96
81 95
81 85
81 97
81 87
81 99
82 83
82 97
82 87
82 86
82 99
82 89
82 92
83 94
83 97
83 87
83 91
83 92
84 93
84 96
84 85
84 97
84 87
84 86
84 89
84 88
85 86
85 95
85 98
85 97
86 96
86 98
86 87
86 89
86 88
86 91
86 90
86 92
87 97
87 89
87 88
87 90
87 95
88 98
88 97
88 89
88 90
88 94
88 93
89 99
89 91
89 92
89 94
89 93
89 95
89 97
90 97
90 91
90 94
90 96
91 98
91 97
91 93
91 94
92 96
92 99
92 98
93 97
93 94
94 98
95 96
96 99
97 98
97 99
